36
41.486706 0.805145 37.480099 
41.486706 0.805145 37.480099 
41.486706 0.805145 37.480099 
40.952305 0.824350 37.659546 
40.239792 0.856995 38.044498 
39.509998 0.887805 38.366283 
38.806911 0.903480 38.746262 
38.156898 0.916901 39.218086 
37.593700 0.923234 39.799252 
37.039024 0.929284 40.387436 
36.518345 0.930137 40.992733 
36.166801 0.915004 41.726246 
35.704624 0.933682 42.386776 
35.291592 0.987412 43.069115 
34.898186 1.018175 43.763481 
34.648941 1.027756 44.530453 
34.446129 1.032304 45.307095 
34.213688 1.029590 46.079163 
33.964920 1.041266 46.839088 
33.633717 1.039233 47.568443 
33.210682 1.058302 48.286179 
32.505089 1.064512 48.718887 
32.273655 1.051730 49.206230 
32.025597 1.064730 49.792320 
31.671827 1.061730 50.904137 
31.781034 1.092674 52.749367 
33.132404 1.102437 53.888412 
33.507511 1.133936 54.623413 
33.760567 1.158585 55.380116 
34.065174 1.179696 56.119865 
34.362881 1.201910 56.858578 
34.657116 1.224164 57.600216 
34.715824 1.228603 57.748165 
34.715824 1.228603 57.748165 
34.715824 1.228603 57.748165 
34.715824 1.228603 57.748165 
