160
93.445824 1.700000 47.692436 
92.039421 1.700000 47.752377 
90.239723 1.700000 47.832336 
88.440712 1.700000 47.924557 
86.642075 1.700000 48.024647 
84.843895 1.700000 48.124714 
83.046524 1.716478 48.224735 
81.250526 1.774258 48.333229 
79.454010 1.794441 48.462456 
77.658730 1.803487 48.593300 
75.861359 1.795862 48.727676 
74.063606 1.786082 48.873383 
72.268890 1.752899 49.057705 
70.471939 1.705675 49.225018 
68.672646 1.700000 49.377022 
66.871063 1.700000 49.475430 
65.077301 1.700000 49.329090 
63.509834 1.700000 48.498856 
62.668278 1.700000 46.921768 
62.053764 1.696409 45.225185 
61.723228 1.655471 43.484924 
61.846848 1.624996 41.813808 
61.979027 1.598336 40.907955 
61.979027 1.598336 40.907955 
61.285130 1.605096 40.672436 
61.176792 1.594982 40.629238 
61.176792 1.594982 40.629238 
61.176792 1.594982 40.629238 
61.176792 1.594982 40.629238 
61.176792 1.594982 40.629238 
61.176792 1.594982 40.629238 
59.851463 1.602579 40.201973 
58.529892 1.575094 39.171497 
57.650833 1.535333 37.633034 
55.348297 1.547862 36.730350 
54.900318 1.536300 36.244305 
54.900318 1.536300 36.244305 
54.900318 1.536300 36.244305 
54.900318 1.536300 36.244305 
53.832642 1.582188 36.683620 
52.235199 1.623830 36.951260 
50.515728 1.639368 36.462910 
48.775120 1.654814 36.044186 
47.083454 1.683483 35.487419 
45.813503 1.670474 34.299915 
45.606762 1.664661 33.918114 
45.606762 1.664661 33.918114 
45.606762 1.664661 33.918114 
45.606762 1.664661 33.918114 
45.606762 1.664661 33.918114 
45.606762 1.664661 33.918114 
45.606762 1.664661 33.918114 
45.345295 1.665874 34.128719 
44.518623 1.653960 35.719280 
42.629700 1.634076 37.353638 
40.867683 1.628536 38.366627 
39.093739 1.620552 38.829071 
37.557262 1.616252 38.901356 
37.557262 1.616252 38.901356 
37.557262 1.616252 38.901356 
37.557262 1.616252 38.901356 
37.557262 1.616252 38.901356 
37.557262 1.616252 38.901356 
36.492970 1.637855 39.885639 
35.726784 1.669537 41.433681 
35.160820 1.700000 43.086864 
34.622402 1.700000 44.750275 
34.096573 1.700000 46.409618 
33.362831 1.700000 47.952976 
32.266479 1.700000 48.762146 
32.266479 1.700000 48.762146 
32.266479 1.700000 48.762146 
32.266479 1.700000 48.762146 
32.266479 1.700000 48.762146 
32.266479 1.700000 48.762146 
32.913101 1.700000 49.744900 
34.103680 1.700000 51.416939 
33.751179 1.700000 53.134113 
33.479187 1.700000 54.844597 
32.862965 1.687203 56.433105 
32.160751 1.675317 57.147034 
32.160751 1.675317 57.147034 
32.160751 1.675317 57.147034 
32.160751 1.675317 57.147034 
32.160751 1.675317 57.147034 
32.613934 1.657531 58.054001 
33.691944 1.635828 59.482105 
35.098965 1.613826 60.853951 
35.847828 1.553677 62.732632 
36.080723 1.515932 64.493423 
35.778240 1.473336 65.403168 
35.778240 1.473336 65.403168 
35.778240 1.473336 65.403168 
35.778240 1.473336 65.403168 
35.778240 1.473336 65.403168 
35.726887 1.473336 65.496017 
35.650887 1.455298 65.635284 
35.650887 1.455298 65.635284 
35.650887 1.455298 65.635284 
37.054352 1.460827 65.980690 
39.051525 1.455467 66.038277 
41.410992 1.481851 66.407555 
42.433342 1.420419 67.776291 
42.659824 1.399994 68.186089 
42.659824 1.399994 68.186089 
42.659824 1.399994 68.186089 
42.659824 1.399994 68.186089 
42.659824 1.399994 68.186089 
42.659824 1.399994 68.186089 
43.288540 1.433420 67.935509 
44.663452 1.497050 66.796242 
46.582066 1.607801 65.515747 
48.337208 1.641117 65.484001 
50.076618 1.667299 65.223701 
51.682510 1.712629 65.801483 
51.876663 1.739314 65.992371 
51.876663 1.739314 65.992371 
51.876663 1.739314 65.992371 
51.876663 1.739314 65.992371 
51.876663 1.739314 65.992371 
51.876663 1.739314 65.992371 
51.876663 1.739314 65.992371 
51.876663 1.739314 65.992371 
52.034164 1.739314 65.930595 
53.628883 1.822300 65.108704 
54.192860 1.865890 63.408360 
55.845123 1.945207 62.426231 
57.522999 2.066022 62.527519 
57.853771 2.066022 62.706135 
57.853771 2.066022 62.706135 
57.853771 2.066022 62.706135 
57.853771 2.066022 62.706135 
57.932838 2.102124 62.627636 
59.098392 2.134178 61.255795 
59.481995 2.090105 59.508186 
60.765755 2.001353 57.557423 
62.310986 1.992623 56.926819 
62.310986 1.992623 56.926819 
62.310986 1.992623 56.926819 
62.310986 1.992623 56.926819 
62.310986 1.992623 56.926819 
62.310986 1.992623 56.926819 
62.310986 1.992623 56.926819 
62.310986 1.992623 56.926819 
62.310986 1.992623 56.926819 
62.310986 1.992623 56.926819 
62.204247 1.883172 55.870087 
62.394104 1.799039 53.857555 
62.846977 1.702041 51.940685 
63.209087 1.700000 50.328762 
64.358208 1.700000 48.877235 
66.137222 1.700000 48.897587 
67.902824 1.700000 49.081284 
68.679031 1.700000 49.142525 
68.679031 1.700000 49.142525 
68.679031 1.700000 49.142525 
68.679031 1.700000 49.142525 
68.679031 1.700000 49.142525 
68.679031 1.700000 49.142525 
68.679031 1.700000 49.142525 
